# name: x
# type: matrix
# rows: 25
# columns: 25
 0.0000  0.0000  0.0000  0.0000  0.0000  0.0000  0.0000  0.0000  0.0000  0.0000  0.0000  0.0000  0.0000  0.0000  0.0000  0.0000  0.0000  0.0000  0.0000  0.0000  0.0000  0.0000  0.0000  0.0000  0.0000 
 0.0000  0.0159  0.0304  0.0436  0.0553  0.0657  0.0748  0.0825  0.0890  0.0942  0.0984  0.1014  0.1035  0.1046  0.1049  0.1043  0.1028  0.1003  0.0966  0.0915  0.0842  0.0737  0.0584  0.0354  0.0000 
 0.0000  0.0305  0.0583  0.0834  0.1059  0.1258  0.1432  0.1580  0.1704  0.1805  0.1885  0.1944  0.1984  0.2006  0.2012  0.2001  0.1973  0.1927  0.1858  0.1759  0.1619  0.1419  0.1124  0.0682  0.0000 
 0.0000  0.0436  0.0835  0.1195  0.1517  0.1802  0.2051  0.2263  0.2442  0.2587  0.2701  0.2786  0.2844  0.2877  0.2885  0.2871  0.2831  0.2765  0.2667  0.2526  0.2326  0.2038  0.1615  0.0980  0.0000 
 0.0000  0.0554  0.1060  0.1518  0.1927  0.2290  0.2605  0.2875  0.3102  0.3287  0.3432  0.3541  0.3615  0.3657  0.3668  0.3650  0.3601  0.3517  0.3393  0.3214  0.2960  0.2594  0.2055  0.1246  0.0000 
 0.0000  0.0658  0.1259  0.1802  0.2289  0.2719  0.3094  0.3416  0.3685  0.3905  0.4078  0.4207  0.4295  0.4345  0.4359  0.4338  0.4280  0.4182  0.4034  0.3822  0.3520  0.3084  0.2444  0.1482  0.0000 
 0.0000  0.0748  0.1431  0.2049  0.2603  0.3092  0.3519  0.3884  0.4190  0.4440  0.4637  0.4784  0.4885  0.4943  0.4959  0.4935  0.4869  0.4758  0.4590  0.4349  0.4006  0.3510  0.2782  0.1686  0.0000 
 0.0000  0.0824  0.1577  0.2258  0.2868  0.3407  0.3877  0.4280  0.4618  0.4893  0.5111  0.5273  0.5384  0.5448  0.5466  0.5440  0.5368  0.5245  0.5061  0.4796  0.4417  0.3870  0.3067  0.1859  0.0000 
 0.0000  0.0887  0.1697  0.2429  0.3085  0.3666  0.4171  0.4604  0.4968  0.5264  0.5498  0.5673  0.5793  0.5862  0.5881  0.5854  0.5776  0.5644  0.5446  0.5161  0.4754  0.4166  0.3301  0.2001  0.0000 
 0.0000  0.0935  0.1790  0.2562  0.3254  0.3866  0.4400  0.4857  0.5240  0.5553  0.5800  0.5984  0.6111  0.6184  0.6205  0.6175  0.6094  0.5955  0.5746  0.5446  0.5016  0.4395  0.3483  0.2111  0.0000 
 0.0000  0.0970  0.1856  0.2657  0.3375  0.4010  0.4563  0.5037  0.5434  0.5759  0.6015  0.6207  0.6338  0.6414  0.6436  0.6406  0.6322  0.6178  0.5961  0.5649  0.5203  0.4560  0.3613  0.2190  0.0000 
 0.0000  0.0991  0.1896  0.2714  0.3447  0.4096  0.4661  0.5145  0.5551  0.5883  0.6145  0.6341  0.6475  0.6552  0.6575  0.6544  0.6459  0.6312  0.6091  0.5772  0.5317  0.4659  0.3692  0.2238  0.0000 
 0.0000  0.0998  0.1909  0.2733  0.3472  0.4125  0.4694  0.5181  0.5590  0.5925  0.6188  0.6385  0.6521  0.6599  0.6622  0.6591  0.6505  0.6357  0.6135  0.5814  0.5355  0.4693  0.3719  0.2254  0.0000 
 0.0000  0.0991  0.1896  0.2715  0.3448  0.4096  0.4661  0.5146  0.5552  0.5884  0.6146  0.6342  0.6476  0.6554  0.6577  0.6546  0.6461  0.6314  0.6093  0.5775  0.5319  0.4661  0.3694  0.2239  0.0000 
 0.0000  0.0970  0.1856  0.2658  0.3375  0.4010  0.4564  0.5038  0.5436  0.5761  0.6017  0.6209  0.6341  0.6417  0.6439  0.6410  0.6326  0.6183  0.5966  0.5655  0.5209  0.4564  0.3617  0.2192  0.0000 
 0.0000  0.0936  0.1790  0.2563  0.3255  0.3867  0.4401  0.4858  0.5242  0.5555  0.5803  0.5988  0.6115  0.6188  0.6210  0.6181  0.6101  0.5963  0.5754  0.5454  0.5023  0.4402  0.3488  0.2114  0.0000 
 0.0000  0.0887  0.1697  0.2430  0.3086  0.3667  0.4173  0.4606  0.4970  0.5267  0.5502  0.5678  0.5798  0.5868  0.5889  0.5862  0.5785  0.5654  0.5457  0.5172  0.4764  0.4175  0.3308  0.2005  0.0000 
 0.0000  0.0825  0.1578  0.2259  0.2869  0.3409  0.3879  0.4283  0.4621  0.4897  0.5115  0.5279  0.5391  0.5456  0.5475  0.5450  0.5379  0.5257  0.5074  0.4809  0.4429  0.3882  0.3076  0.1864  0.0000 
 0.0000  0.0749  0.1432  0.2050  0.2604  0.3094  0.3521  0.3887  0.4194  0.4445  0.4643  0.4791  0.4893  0.4952  0.4969  0.4947  0.4882  0.4772  0.4605  0.4365  0.4021  0.3523  0.2792  0.1692  0.0000 
 0.0000  0.0658  0.1260  0.1804  0.2291  0.2722  0.3097  0.3419  0.3689  0.3910  0.4084  0.4214  0.4304  0.4356  0.4371  0.4351  0.4295  0.4198  0.4051  0.3840  0.3537  0.3100  0.2456  0.1489  0.0000 
 0.0000  0.0554  0.1061  0.1519  0.1929  0.2292  0.2608  0.2879  0.3107  0.3293  0.3439  0.3549  0.3625  0.3668  0.3681  0.3665  0.3617  0.3535  0.3412  0.3234  0.2979  0.2611  0.2069  0.1254  0.0000 
 0.0000  0.0437  0.0835  0.1196  0.1519  0.1805  0.2054  0.2267  0.2447  0.2593  0.2708  0.2795  0.2855  0.2889  0.2899  0.2886  0.2849  0.2784  0.2687  0.2547  0.2346  0.2056  0.1629  0.0988  0.0000 
 0.0000  0.0305  0.0583  0.0835  0.1061  0.1261  0.1435  0.1584  0.1709  0.1811  0.1892  0.1952  0.1994  0.2018  0.2025  0.2016  0.1990  0.1945  0.1877  0.1779  0.1639  0.1436  0.1138  0.0690  0.0000 
 0.0000  0.0159  0.0305  0.0437  0.0555  0.0659  0.0750  0.0828  0.0893  0.0947  0.0989  0.1020  0.1042  0.1055  0.1059  0.1054  0.1040  0.1017  0.0981  0.0930  0.0857  0.0751  0.0595  0.0361  0.0000 
 0.0000  0.0000  0.0000  0.0000  0.0000  0.0000  0.0000  0.0000  0.0000  0.0000  0.0000  0.0000  0.0000  0.0000  0.0000  0.0000  0.0000  0.0000  0.0000  0.0000  0.0000  0.0000  0.0000  0.0000  0.0000 
