# name: x
# type: matrix
# rows: 100
# columns: 25
 70.0000  70.0000  70.0000  70.0000  70.0000  70.0000  70.0000  70.0000  70.0000  70.0000  70.0000  70.0000  70.0000  70.0000  70.0000  70.0000  70.0000  70.0000  70.0000  70.0000  70.0000  70.0000  70.0000  70.0000  13.3624 
 200.0000  93.1384  80.4271  76.6080  74.7711  73.6748  72.9386  72.4066  72.0025  71.6844  71.4273  71.2150  71.0366  70.8844  70.7520  70.6342  70.5260  70.4213  70.3113  70.1803  69.9936  69.6556  68.7973  64.9721  24.1757 
 200.0000  110.7461  90.3327  83.1001  79.4992  77.3287  75.8656  74.8060  74.0002  73.3654  72.8520  72.4281  72.0718  71.7676  71.5031  71.2679  71.0519  70.8430  70.6238  70.3638  69.9961  69.3418  67.7688  62.1163  32.4746 
 200.0000  124.3122  99.4658  89.3801  84.1442  80.9419  78.7693  77.1909  75.9882  75.0396  74.2718  73.6374  73.1042  72.6487  72.2527  71.9006  71.5774  71.2652  70.9388  70.5536  70.0153  69.0818  66.9798  60.6696  38.9357 
 200.0000  134.8958  107.7344  95.3771  88.6712  84.4956  81.6391  79.5545  77.9619  76.7037  75.6841  74.8411  74.1322  73.5265  72.9998  72.5318  72.1024  71.6885  71.2573  70.7525  70.0578  68.8904  66.4378  60.1284  44.0402 
 200.0000  143.2563  115.1367  101.0446  93.0513  87.9733  84.4647  81.8901  79.9167  78.3544  77.0867  76.0375  75.1546  74.4000  73.7439  73.1610  72.6267  72.1129  71.5803  70.9626  70.1281  68.7744  66.1221  60.1609  48.1331 
 200.0000  149.9420  121.7194  106.3568  97.2625  91.3606  87.2369  84.1916  81.8484  79.9887  78.4771  77.2247  76.1701  75.2682  74.4840  73.7876  73.1501  72.5387  71.9084  71.1855  70.2290  68.7346  66.0004  60.5489  51.4633 
 200.0000  155.3525  127.5515  111.3043  101.2888  94.6456  89.9474  86.4533  83.7529  81.6036  79.8532  78.4011  77.1772  76.1301  75.2195  74.4112  73.6723  72.9659  72.2423  71.4224  70.3615  68.7676  66.0381  61.1496  54.2122 
 200.0000  159.7818  132.7105  115.8898  105.1202  97.8188  92.5893  88.6701  85.6265  83.1962  81.2128  79.5649  78.1747  76.9846  75.9496  75.0313  74.1931  73.3944  72.5820  71.6736  70.5254  68.8672  66.2023  61.8699  56.5133 
 200.0000  163.4476  137.2735  120.1245  108.7513  100.8732  95.1565  90.8374  87.4656  84.7640  82.5539  80.7146  79.1613  77.8307  76.6734  75.6472  74.7120  73.8242  72.9277  71.9391  70.7194  69.0259  66.4642  62.6495  58.4651 
 200.0000  166.5129  141.3129  124.0248  112.1810  103.8037  97.6441  92.9511  89.2672  86.3045  83.8745  81.8487  80.1358  78.6676  77.3903  76.2584  75.2286  74.2549  73.2792  72.2185  70.9414  69.2357  66.7994  63.4502  60.1417 
 200.0000  169.1012  144.8947  127.6107  115.4113  106.6073  100.0485  95.0080  91.0285  87.8154  85.1728  82.9657  81.0971  79.4942  78.0995  76.8643  75.7427  74.6863  73.6362  72.5109  71.1888  69.4884  67.1880  64.2480  61.5988 
 200.0000  171.3062  148.0773  130.9036  118.4468  109.2828  102.3667  97.0051  92.7469  89.2946  86.4472  84.0642  82.0439  80.3096  78.8003  77.4643  76.2535  75.1179  73.9980  72.8153  71.4586  69.7764  67.6140  65.0282  62.8788 
 200.0000  173.2004  150.9120  133.9256  121.2937  111.8302  104.5969  98.9402  94.4203  90.7404  87.6961  85.1429  82.9753  81.1130  79.4919  78.0578  76.7607  75.5492  74.3641  73.1303  71.7478  70.0927  68.0648  65.7823  64.0144 
 200.0000  174.8401  153.4434  136.6983  123.9597  114.2509  106.7381  100.8116  96.0470  92.1510  88.9180  86.2007  83.8902  81.9034  80.1736  78.6443  77.2637  75.9796  74.7336  73.4544  72.0534  70.4311  68.5305  66.5059  65.0310 
 200.0000  176.2692  155.7100  139.2424  126.4532  116.5472  108.7899  102.6179  97.6254  93.5250  90.1116  87.2362  84.7876  82.6801  80.8447  79.2230  77.7619  76.4086  75.1056  73.7863  72.3723  70.7861  69.0034  67.1969  65.9483 
 200.0000  177.5229  157.7449  141.5774  128.7831  118.7220  110.7526  104.3582  99.1542  94.8611  91.2758  88.2486  85.6667  83.4422  81.5045  79.7934  78.2548  76.8354  75.4794  74.1242  72.7018  71.1528  69.4778  67.8551  66.7820 
 200.0000  178.6289  159.5766  143.7215  130.9584  120.7788  112.6269  106.0323  100.6327  96.1584  92.4096  89.2369  86.5264  84.1890  82.1523  80.3549  78.7416  77.2594  75.8538  74.4667  73.0392  71.5272  69.9493  68.4808  67.5446 
 200.0000  179.6098  161.2296  145.6914  132.9882  122.7218  114.4142  107.6399  102.0600  97.4158  93.5119  90.2001  87.3661  84.9198  82.7875  80.9068  79.2218  77.6798  76.2279  74.8123  73.3820  71.9058  70.4145  69.0754  68.2460 
 200.0000  180.4838  162.7249  147.5025  134.8812  124.5552  116.1160  109.1812  103.4357  98.6326  94.5819  91.1374  88.1850  85.6338  83.4094  81.4484  79.6948  78.0959  76.6007  75.1593  73.7280  72.2857  70.8710  69.6400  68.8944 
 200.0000  181.2657  164.0806  149.1688  136.6461  126.2833  117.7342  110.6568  104.7596  99.8083  95.6191  92.0482  88.9824  86.3304  84.0174  81.9793  80.1599  78.5070  76.9713  75.5066  74.0754  72.6644  71.3170  70.1763  69.4963 
 200.0000  181.9680  165.3124  150.7027  138.2909  127.9108  119.2709  112.0674  106.0317  100.9424  96.6226  92.9318  89.7575  87.0090  84.6108  82.4988  80.6164  78.9122  77.3386  75.8527  74.4221  73.0399  71.7512  70.6858  70.0571 
 200.0000  182.6009  166.4338  152.1159  139.8234  129.4419  120.7283  113.4137  107.2519  102.0346  97.5922  93.7875  90.5099  87.6690  85.1892  83.0063  81.0638  79.3110  77.7018  76.1963  74.7668  73.4105  72.1728  71.1699  70.5813 
 200.0000  183.1729  167.4563  153.4184  141.2508  130.8812  122.1088  114.6969  108.4206  103.0848  98.5272  94.6149  91.2390  88.3097  85.7519  83.5013  81.5015  79.7025  78.0599  76.5365  75.1078  73.7747  72.5809  71.6301  71.0726 
 200.0000  183.6911  168.3902  154.6196  142.5798  132.2330  123.4149  115.9181  109.5381  104.0928  99.4275  95.4135  91.9442  88.9308  86.2985  83.9831  81.9288  80.0861  78.4122  76.8719  75.4441  74.1314  72.9754  72.0675  71.5340 
 200.0000  184.1618  169.2443  155.7278  143.8169  133.5014  124.6488  117.0785  110.6049  105.0586  100.2927  96.1829  92.6251  89.5316  86.8283  84.4514  82.3452  80.4612  78.7577  77.2018  75.7744  74.4795  73.3558  72.4834  71.9683 
 200.0000  184.5901  170.0262  156.7504  144.9679  134.6905  125.8132  118.1794  111.6216  105.9824  101.1227  96.9228  93.2812  90.1118  87.3410  84.9054  82.7500  80.8269  79.0957  77.5251  76.0979  74.8184  73.7221  72.8789  72.3775 
 200.0000  184.9803  170.7427  157.6943  146.0382  135.8040  126.9103  119.2222  112.5887  106.8643  101.9173  97.6329  93.9123  90.6710  87.8361  85.3449  83.1428  81.1829  79.4256  77.8411  76.4136  75.1473  74.0741  73.2549  72.7635 
 200.0000  185.3364  171.3996  158.5653  147.0328  136.8456  127.9426  120.2082  113.5070  107.7045  102.6765  98.3130  94.5180  91.2086  88.3131  85.7692  83.5231  81.5283  79.7465  78.1491  76.7208  75.4657  74.4120  73.6122  73.1279 
 200.0000  185.6616  172.0021  159.3690  147.9564  137.8187  128.9123  121.1388  114.3771  108.5032  103.4002  98.9628  95.0979  91.7244  88.7716  86.1780  83.8903  81.8628  80.0580  78.4482  77.0188  75.7731  74.7358  73.9517  73.4722 
 200.0000  185.9587  172.5548  160.1101  148.8131  138.7264  129.8215  122.0154  115.1998  109.2609  104.0885  99.5822  95.6518  92.2180  89.2112  86.5708  84.2440  82.1858  80.3594  78.7379  77.3071  76.0692  75.0455  74.2740  73.7973 
 200.0000  186.2302  173.0617  160.7931  149.6068  139.5720  130.6726  122.8392  115.9759  109.9777  104.7415  100.1711  96.1794  92.6891  89.6316  86.9472  84.5837  82.4967  80.6502  79.0178  77.5852  76.3537  75.3412  74.5798  74.1045 
 200.0000  186.4782  173.5263  161.4219  150.3411  140.3580  131.4673  123.6117  116.7060  110.6541  105.3591  100.7293  96.6806  93.1374  90.0325  87.3068  84.9090  82.7952  80.9299  79.2871  77.8526  76.6263  75.6231  74.8696  74.3944 
 200.0000  186.7047  173.9517  162.0000  151.0192  141.0872  132.2077  124.3340  117.3910  111.2905  105.9416  101.2569  97.1551  93.5626  90.4135  87.6494  85.2195  83.0807  81.1980  79.5455  78.1090  76.8869  75.8912  75.1438  74.6679 
